000001
000002
000009
000012
000021
000022
000024
000027
000029
000031
000036
000039
000059
000060
000061
000063
000066
000068
000069
000088
000089
000099
000100
000157
000400
000401
000402
000410
000422
000423
000425
000488
000503
000518
000520
000527
000528
000538
000539
000541
000550
000559
000562
000568
000581
000599
000601
000607
000617
000623
000625
000629
000630
000636
000651
000652
000659
000680
000682
000698
000707
000708
000709
000717
000725
000726
000729
000733
000758
000761
000767
000768
000778
000780
000786
000792
000793
000800
000806
000807
000822
000825
000828
000839
000858
000869
000875
000878
000895
000898
000900
000912
000917
000920
000927
000930
000932
000933
000937
000939
000959
000960
000962
000968
000969
000970
000983
000997
002024
600000
600001
600004
600005
600006
600008
600009
600010
600011
600012
600015
600016
600018
600019
600020
600021
600022
600026
600027
600028
600029
600030
600031
600033
600035
600036
600037
600050
600057
600058
600060
600062
600073
600078
600085
600087
600088
600089
600091
600096
600098
600100
600102
600104
600108
600110
600115
600117
600121
600123
600125
600126
600132
600138
600143
600151
600153
600166
600170
600171
600177
600183
600188
600196
600198
600205
600207
600210
600215
600220
600221
600231
600236
600256
600266
600267
600269
600270
600271
600276
600282
600296
600299
600307
600308
600309
600320
600331
600333
600339
600348
600350
600357
600361
600362
600377
600383
600399
600406
600408
600410
600415
600418
600428
600456
600460
600498
600500
600508
600519
600521
600535
600548
600549
600550
600569
600578
600581
600583
600585
600588
600591
600597
600598
600600
600601
600602
600616
600621
600627
600628
600631
600635
600637
600639
600642
600643
600649
600652
600653
600654
600655
600660
600662
600663
600674
600675
600688
600690
600694
600717
600718
600724
600739
600740
600741
600747
600754
600770
600779
600780
600786
600795
600797
600808
600809
600811
600812
600820
600832
600834
600835
600839
600849
600851
600854
600863
600868
600871
600874
600875
600879
600881
600884
600886
600887
600894
600895
600900
600970
600997